0.0000 0.677681394305
0.0001 0.686021256789
0.0002 0.688806066318
0.0003 0.691246346902
0.0004 0.693485681089
0.0005 0.695584533522
0.0006 0.69751332348
0.0007 0.699083149851
0.0008 0.700445484643
0.0009 0.701702628849
0.0010 0.702913471908
0.0011 0.703865046681
0.0012 0.704607597108
0.0013 0.705148768022
0.0014 0.705678326157
0.0015 0.706197760029
0.0016 0.706707682176
0.0017 0.707208623526
0.0018 0.707701042025
0.0019 0.708185344856
0.0020 0.70866189665
0.0021 0.709131022614
0.0022 0.709593018623
0.0023 0.710000568743
0.0024 0.710384268172
0.0025 0.710762477155
0.0026 0.711060347847
0.0027 0.71120513832
0.0028 0.711223692686
0.0029 0.71124077481
0.0030 0.71125992441
0.0031 0.711277235229
0.0032 0.711237315985
0.0033 0.711199939023
0.0034 0.711165013608
0.0035 0.711132450892
0.0036 0.711049357669
0.0037 0.710965638529
0.0038 0.710884596264
0.0039 0.710752733606
0.0040 0.710494696768
0.0041 0.710217052692
0.0042 0.709925265486
0.0043 0.709558022656
0.0044 0.708987963943
0.0045 0.708426942205
0.0046 0.707874730552
0.0047 0.707331109595
0.0048 0.70678821221
0.0049 0.706199340977
0.0050 0.705589845251
0.0051 0.704835230134
0.0052 0.704091004047
0.0053 0.703356933828
0.0054 0.702632790629
0.0055 0.701851774007
0.0056 0.701055898099
0.0057 0.700251543789
0.0058 0.699441681287
0.0059 0.69859162523
0.0060 0.697732083688
0.0061 0.696819002167
0.0062 0.695852662877
0.0063 0.694897622409
0.0064 0.693953659684
0.0065 0.69302056053
0.0066 0.692098116267
0.0067 0.691186124584
0.0068 0.690281875699
0.0069 0.689311108509
0.0070 0.688319397044
0.0071 0.687338420929
0.0072 0.686367987468
0.0073 0.685407909052
0.0074 0.684409048029
0.0075 0.683393434231
0.0076 0.682378821876
0.0077 0.681353615723
0.0078 0.680317442673
0.0079 0.679278670272
0.0080 0.678250334921
0.0081 0.677232264936
0.0082 0.676224291249
0.0083 0.675226250736
0.0084 0.674237983809
0.0085 0.673259332912
0.0086 0.672290145272
0.0087 0.671330272968
0.0088 0.670379569115
0.0089 0.669437891333
0.0090 0.668505098688
0.0091 0.66752884091
0.0092 0.666543631937
0.0093 0.66556749985
0.0094 0.664600309152
0.0095 0.663641928719
0.0096 0.662683237593
0.0097 0.661684991818
0.0098 0.660695505335
0.0099 0.659714653174
0.0100 0.65872297688
