alpha,poly,rscore
0.000000,1,0.648647926426
0.000000,2,0.914076082527
0.000100,1,0.648680849039
0.000100,2,0.918153371019
0.000200,1,0.648713334869
0.000200,2,0.918880970613
0.000300,1,0.648745393173
0.000300,2,0.919369490011
0.000400,1,0.648777032949
0.000400,2,0.919712004816
0.000500,1,0.648808262943
0.000500,2,0.919947809065
0.000600,1,0.648839091661
0.000600,2,0.920098621913
0.000700,1,0.648869527374
0.000700,2,0.920178269774
0.000800,1,0.64889957813
0.000800,2,0.920196438124
0.000900,1,0.648929251754
0.000900,2,0.920160390098
0.001000,1,0.648958555866
0.001000,2,0.920075851824
0.001100,1,0.648987497877
0.001100,2,0.919947510023
0.001200,1,0.649016085004
0.001200,2,0.91977931452
0.001300,1,0.649044324273
0.001300,2,0.919574660227
0.001400,1,0.649072222523
0.001400,2,0.919336515221
0.001500,1,0.649099786417
0.001500,2,0.919067507166
0.001600,1,0.649127022444
0.001600,2,0.918769983861
0.001700,1,0.649153936926
0.001700,2,0.918446061745
0.001800,1,0.649180536023
0.001800,2,0.918097657083
0.001900,1,0.649206825737
0.001900,2,0.917726516853
0.002000,1,0.649232811917
0.002000,2,0.917334240004
0.002100,1,0.64925850027
0.002100,2,0.916922293517
0.002200,1,0.649283896353
0.002200,2,0.916492028778
0.002300,1,0.649309005589
0.002300,2,0.916044694869
0.002400,1,0.649333833267
0.002400,2,0.915581445777
0.002500,1,0.649358384544
0.002500,2,0.915103352836
0.002600,1,0.649382664451
0.002600,2,0.914611411493
0.002700,1,0.649406677898
0.002700,2,0.914106547182
0.002800,1,0.649430429675
0.002800,2,0.913589623542
0.002900,1,0.649453924459
0.002900,2,0.91306144512
0.003000,1,0.649477166811
0.003000,2,0.912522764381
0.003100,1,0.649500161189
0.003100,2,0.911974284975
0.003200,1,0.64952291194
0.003200,2,0.911416665311
0.003300,1,0.649545423313
0.003300,2,0.910850522835
0.003400,1,0.649567699457
0.003400,2,0.910276436888
0.003500,1,0.649589744422
0.003500,2,0.909694950981
0.003600,1,0.649611562167
0.003600,2,0.909106576221
0.003700,1,0.649633156559
0.003700,2,0.908511792603
0.003800,1,0.649654531376
0.003800,2,0.907911052544
0.003900,1,0.649675690312
0.003900,2,0.907304781292
0.004000,1,0.649696636975
0.004000,2,0.906693380573
0.004100,1,0.649717374893
0.004100,2,0.906077228357
0.004200,1,0.649737907515
0.004200,2,0.905456681096
0.004300,1,0.649758238214
0.004300,2,0.904832075581
0.004400,1,0.649778370286
0.004400,2,0.904203730345
0.004500,1,0.649798306956
0.004500,2,0.90357194576
0.004600,1,0.649818051379
0.004600,2,0.902937005799
0.004700,1,0.649837606639
0.004700,2,0.902299179067
0.004800,1,0.649856975756
0.004800,2,0.901658720353
0.004900,1,0.649876161681
0.004900,2,0.901015869795
0.005000,1,0.649895167305
0.005000,2,0.900370855437
0.005100,1,0.649913995457
0.005100,2,0.899723893856
0.005200,1,0.649932648903
0.005200,2,0.899075188844
0.005300,1,0.649951130354
0.005300,2,0.898424934988
0.005400,1,0.649969442461
0.005400,2,0.897773315855
0.005500,1,0.649987587822
0.005500,2,0.897120506198
0.005600,1,0.650005568979
0.005600,2,0.896466671652
0.005700,1,0.650023388422
0.005700,2,0.89581196939
0.005800,1,0.65004104859
0.005800,2,0.895156548483
0.005900,1,0.650058551872
0.005900,2,0.894500550692
0.006000,1,0.650075900607
0.006000,2,0.893844110572
0.006100,1,0.650093097088
0.006100,2,0.893187356178
0.006200,1,0.650110143561
0.006200,2,0.892530408772
0.006300,1,0.650127042225
0.006300,2,0.89187338395
0.006400,1,0.650143795238
0.006400,2,0.891216391273
0.006500,1,0.650160404714
0.006500,2,0.890559535209
0.006600,1,0.650176872723
0.006600,2,0.889902914809
0.006700,1,0.650193201298
0.006700,2,0.889246624485
0.006800,1,0.650209392427
0.006800,2,0.888590753652
0.006900,1,0.650225448064
0.006900,2,0.887935387785
0.007000,1,0.650241370122
0.007000,2,0.887280608153
0.007100,1,0.650257160478
0.007100,2,0.886626491529
0.007200,1,0.650272820972
0.007200,2,0.885973111336
0.007300,1,0.65028835341
0.007300,2,0.885320537402
0.007400,1,0.650303759562
0.007400,2,0.884668836006
0.007500,1,0.650319041165
0.007500,2,0.884018070108
0.007600,1,0.650334199924
0.007600,2,0.883368299861
0.007700,1,0.65034923751
0.007700,2,0.882719582379
0.007800,1,0.650364155563
0.007800,2,0.882071971702
0.007900,1,0.650378955695
0.007900,2,0.881425519328
0.008000,1,0.650393639483
0.008000,2,0.880780274347
0.008100,1,0.65040820848
0.008100,2,0.880136283433
0.008200,1,0.650422664206
0.008200,2,0.879493590452
0.008300,1,0.650437008158
0.008300,2,0.878852237664
0.008400,1,0.650451241801
0.008400,2,0.87821226512
0.008500,1,0.650465366574
0.008500,2,0.877573710376
0.008600,1,0.650479383894
0.008600,2,0.876936609348
0.008700,1,0.650493295147
0.008700,2,0.876300996594
0.008800,1,0.650507101698
0.008800,2,0.875666904136
0.008900,1,0.650520804885
0.008900,2,0.875034362731
0.009000,1,0.650534406025
0.009000,2,0.874403400928
0.009100,1,0.65054790641
0.009100,2,0.873774046956
0.009200,1,0.650561307307
0.009200,2,0.873146326749
0.009300,1,0.650574609965
0.009300,2,0.872520264453
0.009400,1,0.650587815609
0.009400,2,0.871895883448
0.009500,1,0.650600925441
0.009500,2,0.871273206289
0.009600,1,0.650613940646
0.009600,2,0.87065225312
0.009700,1,0.650626862385
0.009700,2,0.870033043945
0.009800,1,0.650639691801
0.009800,2,0.869415597003
0.009900,1,0.650652430017
0.009900,2,0.868799929385
0.010000,1,0.650665078136
0.010000,2,0.868186058123
