alpha,poly,rscore
0.000000,2,0.089517598263
0.000000,3,0.0818715686804
0.000000,4,0.091948574373
0.000000,5,0.627568222951
0.000000,6,0.627761375715
0.000000,7,0.793489136013
0.000000,8,0.791472491032
0.000000,9,0.795733317639
0.000000,10,0.803976542797
1.000000,2,0.0811748743532
1.000000,3,0.064733052248
1.000000,4,0.0590923672254
1.000000,5,0.607193703665
1.000000,6,0.607241666022
1.000000,7,0.819834373761
1.000000,8,0.797286647971
1.000000,9,0.793974913255
1.000000,10,0.810103768285
2.000000,2,0.073164264919
2.000000,3,0.0530606244854
2.000000,4,0.0433996686283
2.000000,5,0.593012734998
2.000000,6,0.591232539468
2.000000,7,0.831061787513
2.000000,8,0.800507594774
2.000000,9,0.796817985723
2.000000,10,0.813284691551
3.000000,2,0.0662584286233
3.000000,3,0.0457037778515
3.000000,4,0.0344455183098
3.000000,5,0.577106386796
3.000000,6,0.565445959943
3.000000,7,0.835715660471
3.000000,8,0.802364690643
3.000000,9,0.800498361103
3.000000,10,0.815816337534
4.000000,2,0.0611796485874
4.000000,3,0.0406339919252
4.000000,4,0.0286686523523
4.000000,5,0.556980023008
4.000000,6,0.543246586703
4.000000,7,0.837868510102
4.000000,8,0.804544806341
4.000000,9,0.804181892013
4.000000,10,0.816575603914
5.000000,2,0.0572892011193
5.000000,3,0.0369221205176
5.000000,4,0.0246403547994
5.000000,5,0.539517379797
5.000000,6,0.525597459422
5.000000,7,0.836874844693
5.000000,8,0.806931814417
5.000000,9,0.806810186187
5.000000,10,0.814782892839
6.000000,2,0.0540262391397
6.000000,3,0.0340824805058
6.000000,4,0.021676167555
6.000000,5,0.522731692962
6.000000,6,0.511158040025
6.000000,7,0.83594601421
6.000000,8,0.809414704739
6.000000,9,0.809429659205
6.000000,10,0.810911835172
7.000000,2,0.0510765201935
7.000000,3,0.0318364776205
7.000000,4,0.0194071782359
7.000000,5,0.506732231064
7.000000,6,0.499094094947
7.000000,7,0.835065972251
7.000000,8,0.811932667845
7.000000,9,0.811985539942
7.000000,10,0.807124724279
8.000000,2,0.0486422233815
8.000000,3,0.0300128581009
8.000000,4,0.0176170239632
8.000000,5,0.492439306505
8.000000,6,0.488848129021
8.000000,7,0.834224230735
8.000000,8,0.814233066591
8.000000,9,0.812864479977
8.000000,10,0.801456752604
9.000000,2,0.0466004258093
9.000000,3,0.028500549399
9.000000,4,0.0161704630874
9.000000,5,0.479587673944
9.000000,6,0.480029197812
9.000000,7,0.833413541363
9.000000,8,0.814505929421
9.000000,9,0.812455517796
9.000000,10,0.79547694046
10.000000,2,0.0448644071541
10.000000,3,0.0272243558097
10.000000,4,0.014978639508
10.000000,5,0.467966151341
10.000000,6,0.47235326581
10.000000,7,0.832628793205
10.000000,8,0.814852935339
10.000000,9,0.812099070915
10.000000,10,0.790533826927
11.000000,2,0.0433712359866
11.000000,3,0.0261315524901
11.000000,4,0.0139807841526
11.000000,5,0.457403870683
11.000000,6,0.465608193195
11.000000,7,0.831866255915
11.000000,8,0.815252165089
11.000000,9,0.811792305145
11.000000,10,0.785973859575
12.000000,2,0.042074136184
12.000000,3,0.0251840728568
12.000000,4,0.0131339429425
12.000000,5,0.446519497934
12.000000,6,0.459631947057
12.000000,7,0.831123109855
12.000000,8,0.815688139661
12.000000,9,0.811524555446
12.000000,10,0.781674871364
13.000000,2,0.0409376155106
13.000000,3,0.0243537436946
13.000000,4,0.0124069038822
13.000000,5,0.436060835111
13.000000,6,0.454298426234
13.000000,7,0.830397185824
13.000000,8,0.816098236493
13.000000,9,0.81128399786
13.000000,10,0.777404634628
14.000000,2,0.0399342566357
14.000000,3,0.0236192655777
14.000000,4,0.0117764486001
14.000000,5,0.426436675462
14.000000,6,0.44950791316
14.000000,7,0.829461627512
14.000000,8,0.815983423574
14.000000,9,0.811071678542
14.000000,10,0.773473030514
15.000000,2,0.0390425443251
15.000000,3,0.0229642356778
15.000000,4,0.011224952772
15.000000,5,0.417550103059
15.000000,6,0.445180451972
15.000000,7,0.828443088682
15.000000,8,0.815889246493
15.000000,9,0.810888310529
15.000000,10,0.769836991271
16.000000,2,0.0382453583987
16.000000,3,0.0223758159807
16.000000,4,0.0107388013065
16.000000,5,0.409318760028
16.000000,6,0.441251146743
16.000000,7,0.827429156327
16.000000,8,0.815811747352
16.000000,9,0.810441905678
16.000000,10,0.766630901508
17.000000,2,0.0375289060219
17.000000,3,0.0218438137975
17.000000,4,0.0103073129161
17.000000,5,0.401672184324
17.000000,6,0.437666751574
17.000000,7,0.826420877686
17.000000,8,0.815390311192
17.000000,9,0.809806571943
17.000000,10,0.763152314941
18.000000,2,0.0368819508341
18.000000,3,0.0213600329618
18.000000,4,0.00992199284056
18.000000,5,0.394549719022
18.000000,6,0.434383154781
18.000000,7,0.82541906195
18.000000,8,0.814875909597
18.000000,9,0.80921227178
18.000000,10,0.759752614657
19.000000,2,0.0362952468988
19.000000,3,0.020917807092
19.000000,4,0.00957600261368
19.000000,5,0.38789885238
19.000000,6,0.43136348987
19.000000,7,0.824424338676
19.000000,8,0.81437850811
19.000000,9,0.808646683716
19.000000,10,0.757160844069
20.000000,2,0.0357611166763
20.000000,3,0.0205116579723
20.000000,4,0.00926377675927
20.000000,5,0.381673887164
20.000000,6,0.428576701965
20.000000,7,0.823437194349
20.000000,8,0.813734311934
20.000000,9,0.808103169027
20.000000,10,0.754496926529
21.000000,2,0.0352731320066
21.000000,3,0.0201370415952
21.000000,4,0.008980741044
21.000000,5,0.375834864563
21.000000,6,0.42599644092
21.000000,7,0.822458015176
21.000000,8,0.813028413444
21.000000,9,0.807599829011
21.000000,10,0.751818197297
22.000000,2,0.0348258699147
22.000000,3,0.0197901566948
22.000000,4,0.00872310224528
22.000000,5,0.370346687049
22.000000,6,0.423600199883
22.000000,7,0.82148706706
22.000000,8,0.812338482009
22.000000,9,0.807109194307
22.000000,10,0.749391970071
23.000000,2,0.0344147235361
23.000000,3,0.0194677985382
23.000000,4,0.00848768913726
23.000000,5,0.365178398265
23.000000,6,0.421368638103
23.000000,7,0.820524581354
23.000000,8,0.811664112912
23.000000,9,0.806661484834
23.000000,10,0.747505095889
24.000000,2,0.034035754172
24.000000,3,0.0191672459643
24.000000,4,0.00827183071383
24.000000,5,0.360302587808
24.000000,6,0.419285040418
24.000000,7,0.819570710998
24.000000,8,0.81100537931
24.000000,9,0.806216077272
24.000000,10,0.745420679031
25.000000,2,0.0336855744021
25.000000,3,0.0188861731723
25.000000,4,0.0080732618727
25.000000,5,0.355694896232
25.000000,6,0.41733488635
25.000000,7,0.818625569105
25.000000,8,0.810361113727
25.000000,9,0.805806551038
25.000000,10,0.743548715277
26.000000,2,0.0333612549054
26.000000,3,0.0186225801541
26.000000,4,0.00789004960615
26.000000,5,0.351333601006
26.000000,6,0.415505499874
26.000000,7,0.817689233418
26.000000,8,0.809731773902
26.000000,9,0.805406534566
26.000000,10,0.741681295919
27.000000,2,0.0330602495622
27.000000,3,0.0183747373298
27.000000,4,0.00772053468154
27.000000,5,0.347199268327
27.000000,6,0.413785765397
27.000000,7,0.816761733281
27.000000,8,0.809116446419
27.000000,9,0.805022094101
27.000000,10,0.740057514364
28.000000,2,0.0327803347853
28.000000,3,0.0181411411135
28.000000,4,0.00756328515977
28.000000,5,0.343274458832
28.000000,6,0.412165894298
28.000000,7,0.815843098692
28.000000,8,0.808514644766
28.000000,9,0.804661205682
28.000000,10,0.738466703013
29.000000,2,0.032519560024
29.000000,3,0.017920477972
29.000000,4,0.00741705903677
29.000000,5,0.33954347771
29.000000,6,0.410637232117
29.000000,7,0.814933319783
29.000000,8,0.807926074676
29.000000,9,0.804313621829
29.000000,10,0.736853149862
30.000000,2,0.0322762071111
30.000000,3,0.0177115951397
30.000000,4,0.00728077399532
30.000000,5,0.335992161515
30.000000,6,0.409192098861
30.000000,7,0.813838946239
30.000000,8,0.807350731349
30.000000,9,0.803976017677
30.000000,10,0.735639970386
31.000000,2,0.0320487566632
31.000000,3,0.017513476595
31.000000,4,0.007153482735
31.000000,5,0.332607695579
31.000000,6,0.407823655419
31.000000,7,0.8124576247
31.000000,8,0.806787420304
31.000000,9,0.803659309027
31.000000,10,0.734583058743
32.000000,2,0.0318358601473
32.000000,3,0.017325223226
32.000000,4,0.0070343527225
32.000000,5,0.329378456984
32.000000,6,0.406525791312
32.000000,7,0.811085987182
32.000000,8,0.806236620739
32.000000,9,0.803357299545
32.000000,10,0.7333257709
33.000000,2,0.0316363165283
33.000000,3,0.0171460363581
33.000000,4,0.00692264946292
33.000000,5,0.326293879006
33.000000,6,0.405245084115
33.000000,7,0.809724316411
33.000000,8,0.805697408133
33.000000,9,0.802979392689
33.000000,10,0.732201289364
34.000000,2,0.0314490526454
34.000000,3,0.016975203996
34.000000,4,0.00681772260255
34.000000,5,0.32334433367
34.000000,6,0.404019547561
34.000000,7,0.808372850148
34.000000,8,0.805169707036
34.000000,9,0.802434951232
34.000000,10,0.731021438884
35.000000,2,0.0312731066395
35.000000,3,0.016812089271
35.000000,4,0.00671899432033
35.000000,5,0.320521029664
35.000000,6,0.402854364054
35.000000,7,0.807031783943
35.000000,8,0.80465309251
35.000000,9,0.801913890116
35.000000,10,0.730138613687
36.000000,2,0.0311076138935
36.000000,3,0.0166561206941
36.000000,4,0.00662594957882
36.000000,5,0.317815923312
36.000000,6,0.401745181559
36.000000,7,0.805701274021
36.000000,8,0.804147104988
36.000000,9,0.801223347296
36.000000,10,0.729229678248
37.000000,2,0.0309517950509
37.000000,3,0.0165067838906
37.000000,4,0.00653812789996
37.000000,5,0.315221640676
37.000000,6,0.40068805766
37.000000,7,0.80438143706
37.000000,8,0.803651880148
37.000000,9,0.800430722662
37.000000,10,0.728446679089
38.000000,2,0.0308049457635
38.000000,3,0.016363614563
38.000000,4,0.00645511639381
38.000000,5,0.312731409218
38.000000,6,0.399679411097
38.000000,7,0.803072351593
38.000000,8,0.803166494085
38.000000,9,0.799600664116
38.000000,10,0.727557990681
39.000000,2,0.0306664278833
39.000000,3,0.0162261924714
39.000000,4,0.0063765438237
39.000000,5,0.310338997672
39.000000,6,0.398715982436
39.000000,7,0.801774090441
39.000000,8,0.802690898971
39.000000,9,0.798804923762
39.000000,10,0.726762640948
40.000000,2,0.0305356618674
40.000000,3,0.0160941362652
40.000000,4,0.00630207553374
40.000000,5,0.308038662989
40.000000,6,0.397794797832
40.000000,7,0.800486708223
40.000000,8,0.80222492476
40.000000,9,0.798029865795
40.000000,10,0.726141625717
41.000000,2,0.0304121202053
41.000000,3,0.0159670990288
41.000000,4,0.00623140909469
41.000000,5,0.305825103411
41.000000,6,0.396913139117
41.000000,7,0.799210190001
41.000000,8,0.801768313634
41.000000,9,0.797282032868
41.000000,10,0.725286560852
42.000000,2,0.0302953217106
42.000000,3,0.0158447644275
42.000000,4,0.00616427055553
42.000000,5,0.303693416858
42.000000,6,0.396068516235
42.000000,7,0.797944561632
42.000000,8,0.80132064563
42.000000,9,0.796566215654
42.000000,10,0.724484272286
43.000000,2,0.0301848265485
43.000000,3,0.0157268433629
43.000000,4,0.00610041120121
43.000000,5,0.301639063946
43.000000,6,0.395258644323
43.000000,7,0.796689794046
43.000000,8,0.800881749246
43.000000,9,0.795866039719
43.000000,10,0.723851448054
44.000000,2,0.0300802318908
44.000000,3,0.0156130710586
44.000000,4,0.00603960474279
44.000000,5,0.299657835022
44.000000,6,0.394481422499
44.000000,7,0.79544587709
44.000000,8,0.800409398863
44.000000,9,0.795187536019
44.000000,10,0.723389214733
45.000000,2,0.0299811681061
45.000000,3,0.0155032045155
45.000000,4,0.00598164487102
45.000000,5,0.297745820761
45.000000,6,0.393734916325
45.000000,7,0.794212768158
45.000000,8,0.799641437529
45.000000,9,0.794540851713
45.000000,10,0.722805875844
46.000000,2,0.0298872954127
46.000000,3,0.0153970202805
46.000000,4,0.00592634312265
46.000000,5,0.295899385824
46.000000,6,0.393017340845
46.000000,7,0.792990421054
46.000000,8,0.798888395861
46.000000,9,0.793907906492
46.000000,10,0.722244051558
47.000000,2,0.0297983009272
47.000000,3,0.0152943124866
47.000000,4,0.00587352701149
47.000000,5,0.294115145264
47.000000,6,0.392327047149
47.000000,7,0.791778771105
47.000000,8,0.798149718006
47.000000,9,0.793290858417
47.000000,10,0.721741572636
48.000000,2,0.0297138960574
48.000000,3,0.0151948911247
48.000000,4,0.0058230383892
48.000000,5,0.292389943332
48.000000,6,0.391662509275
48.000000,7,0.790577779816
48.000000,8,0.797424843172
48.000000,9,0.792701462402
48.000000,10,0.721373143192
49.000000,2,0.0296338141918
49.000000,3,0.0150985805171
49.000000,4,0.00577473200106
49.000000,5,0.290720834377
49.000000,6,0.391022312988
49.000000,7,0.789387347421
49.000000,8,0.79671376095
49.000000,9,0.792121146329
49.000000,10,0.72095887075
50.000000,2,0.0295578086486
50.000000,3,0.0150052179652
50.000000,4,0.00572847421333
50.000000,5,0.289105065654
50.000000,6,0.390405145716
50.000000,7,0.788207430187
50.000000,8,0.796015852568
50.000000,9,0.791536661135
50.000000,10,0.720352733525
51.000000,2,0.0294856508498
51.000000,3,0.0149146525478
51.000000,4,0.00568414188652
51.000000,5,0.287540061771
51.000000,6,0.389809787565
51.000000,7,0.787037927349
51.000000,8,0.79533067291
51.000000,9,0.790877440654
51.000000,10,0.719911600327
52.000000,2,0.0294171286924
52.000000,3,0.0148267440527
52.000000,4,0.00564162137596
52.000000,5,0.286023410641
52.000000,6,0.389235103658
52.000000,7,0.785878762819
52.000000,8,0.794658231587
52.000000,9,0.790228725136
52.000000,10,0.719358424518
53.000000,2,0.0293520450923
53.000000,3,0.0147413620223
53.000000,4,0.00560080764499
53.000000,5,0.284552850724
53.000000,6,0.388680036064
53.000000,7,0.784729849746
53.000000,8,0.793997719636
53.000000,9,0.789607322654
53.000000,10,0.719135377059
54.000000,2,0.0292902166801
54.000000,3,0.0146583849011
54.000000,4,0.00556160347362
54.000000,5,0.283126259463
54.000000,6,0.388143598105
54.000000,7,0.783591098223
54.000000,8,0.793349200288
54.000000,9,0.789004101806
54.000000,10,0.718885343171
55.000000,2,0.0292314726301
55.000000,3,0.0145776992711
55.000000,4,0.00552391875285
55.000000,5,0.281741642765
55.000000,6,0.387624868298
55.000000,7,0.782462422506
55.000000,8,0.792712275385
55.000000,9,0.788360215199
55.000000,10,0.718547757436
56.000000,2,0.0291756536082
56.000000,3,0.0144991991661
56.000000,4,0.00544761017284
56.000000,5,0.280397125421
56.000000,6,0.3871229848
56.000000,7,0.780880088742
56.000000,8,0.791964523483
56.000000,9,0.787617280539
56.000000,10,0.718250416829
57.000000,2,0.0291226108223
57.000000,3,0.0144227854545
57.000000,4,0.00535392155623
57.000000,5,0.279090942388
57.000000,6,0.386637140767
57.000000,7,0.779234598781
57.000000,8,0.791044064498
57.000000,9,0.786903828846
57.000000,10,0.717991493007
58.000000,2,0.0290722051671
58.000000,3,0.014348365283
58.000000,4,0.00526282394589
58.000000,5,0.277821430786
58.000000,6,0.386166580074
58.000000,7,0.777603431735
58.000000,8,0.790139517373
58.000000,9,0.786205977269
58.000000,10,0.717747866267
59.000000,2,0.0290243064495
59.000000,3,0.014275851574
59.000000,4,0.005174207998
59.000000,5,0.276587022644
59.000000,6,0.385710593579
59.000000,7,0.775986452223
59.000000,8,0.789250542863
59.000000,9,0.785531135172
59.000000,10,0.717369641471
60.000000,2,0.0289787926878
60.000000,3,0.0142051625719
60.000000,4,0.00508797061702
60.000000,5,0.275386238197
60.000000,6,0.385268515283
60.000000,7,0.77438353036
60.000000,8,0.788376909653
60.000000,9,0.784868678665
60.000000,10,0.717207735263
61.000000,2,0.0289355494757
61.000000,3,0.0141362214314
61.000000,4,0.00500401450412
61.000000,5,0.274217679777
61.000000,6,0.3848397189
61.000000,7,0.77279453191
61.000000,8,0.787518024156
61.000000,9,0.78422335853
61.000000,10,0.716940387734
62.000000,2,0.0288944694048
62.000000,3,0.0140689558435
62.000000,4,0.0049222477449
62.000000,5,0.273080026199
62.000000,6,0.384423615618
62.000000,7,0.771219304628
62.000000,8,0.786673575613
62.000000,9,0.783596358136
62.000000,10,0.716603089981
63.000000,2,0.0288554515389
63.000000,3,0.0140032976964
63.000000,4,0.00484258343288
63.000000,5,0.271972027591
63.000000,6,0.384019650637
63.000000,7,0.769657726735
63.000000,8,0.785843238
63.000000,9,0.782984002347
63.000000,10,0.716513450193
64.000000,2,0.0288184009347
64.000000,3,0.0139391827663
64.000000,4,0.00476493932444
64.000000,5,0.270892500654
64.000000,6,0.383627301104
64.000000,7,0.768109648961
64.000000,8,0.78502663442
64.000000,9,0.782392491195
64.000000,10,0.716141260966
65.000000,2,0.0287832282053
65.000000,3,0.0138765504352
65.000000,4,0.00468923752275
65.000000,5,0.269840324279
65.000000,6,0.383246073828
65.000000,7,0.766574926016
65.000000,8,0.784223412311
65.000000,9,0.781811546598
65.000000,10,0.716143726911
66.000000,2,0.0287498491203
66.000000,3,0.0138153434339
66.000000,4,0.00461540418789
66.000000,5,0.268814435521
66.000000,6,0.382875502953
66.000000,7,0.765053431773
66.000000,8,0.783192705896
66.000000,9,0.781251661361
66.000000,10,0.716023803941
67.000000,2,0.0287181842409
67.000000,3,0.0137555076065
67.000000,4,0.00454336926944
67.000000,5,0.267813825868
67.000000,6,0.382515148666
67.000000,7,0.763545016509
67.000000,8,0.782131867344
67.000000,9,0.780696056332
67.000000,10,0.71574117631
68.000000,2,0.0286881585844
68.000000,3,0.013696991695
68.000000,4,0.00447306626097
68.000000,5,0.266837537808
68.000000,6,0.382164594503
68.000000,7,0.762049546774
68.000000,8,0.781072006934
68.000000,9,0.780162080537
68.000000,10,0.715424324675
69.000000,2,0.0286597013178
69.000000,3,0.0136397471414
69.000000,4,0.00440443197429
69.000000,5,0.265884661632
69.000000,6,0.381823446742
69.000000,7,0.760566874452
69.000000,8,0.779936790546
69.000000,9,0.779637219408
69.000000,10,0.715565252437
70.000000,2,0.0286327454754
70.000000,3,0.0135837279066
70.000000,4,0.00433740632976
70.000000,5,0.264954332499
70.000000,6,0.381491332359
70.000000,7,0.759096872562
70.000000,8,0.778819323014
70.000000,9,0.779123915249
70.000000,10,0.715458146745
71.000000,2,0.0286072276992
71.000000,3,0.0135288903037
71.000000,4,0.0042719321637
71.000000,5,0.264045727701
71.000000,6,0.381167897744
71.000000,7,0.757639377369
71.000000,8,0.777719367996
71.000000,9,0.778624899304
71.000000,10,0.715098616285
72.000000,2,0.0285830880006
72.000000,3,0.0134751928443
72.000000,4,0.0042079550499
72.000000,5,0.263158064124
72.000000,6,0.380852807634
72.000000,7,0.756194280176
72.000000,8,0.776636441598
72.000000,9,0.778140071425
72.000000,10,0.715151920507
73.000000,2,0.02856026954
73.000000,3,0.0134225960969
73.000000,4,0.00414542313409
73.000000,5,0.262290595892
73.000000,6,0.380545743635
73.000000,7,0.75476144047
73.000000,8,0.77557004042
73.000000,9,0.777664865092
73.000000,10,0.714974928127
74.000000,2,0.0285387184238
74.000000,3,0.0133710625571
74.000000,4,0.0040842869809
74.000000,5,0.261442612188
74.000000,6,0.380246403369
74.000000,7,0.753340710211
74.000000,8,0.774519837815
74.000000,9,0.777196779296
74.000000,10,0.714760956777
75.000000,2,0.0285183835167
75.000000,3,0.0133205565265
75.000000,4,0.00402449943124
75.000000,5,0.260613435207
75.000000,6,0.379954499727
75.000000,7,0.751931946496
75.000000,8,0.773485723721
75.000000,9,0.776742640958
75.000000,10,0.714794762078
76.000000,2,0.0284992162687
76.000000,3,0.0132710440014
76.000000,4,0.00396601547073
76.000000,5,0.25980241827
76.000000,6,0.379669759248
76.000000,7,0.75053503767
76.000000,8,0.772466961409
76.000000,9,0.776300201804
76.000000,10,0.714804964169
77.000000,2,0.0284811705543
77.000000,3,0.01322249257
77.000000,4,0.00390879210658
77.000000,5,0.259008944056
77.000000,6,0.379391922012
77.000000,7,0.749149837254
77.000000,8,0.771463471996
77.000000,9,0.775866496942
77.000000,10,0.714663452988
78.000000,2,0.0284642025236
78.000000,3,0.0131748713163
78.000000,4,0.00385278825277
78.000000,5,0.258232422947
78.000000,6,0.379120740455
78.000000,7,0.747776224741
78.000000,8,0.770474796218
78.000000,9,0.775444137809
78.000000,10,0.714501725208
79.000000,2,0.028448270465
79.000000,3,0.0131281507322
79.000000,4,0.00379796462433
79.000000,5,0.257472291501
79.000000,6,0.378855978539
79.000000,7,0.746414044925
79.000000,8,0.769500658255
79.000000,9,0.77503352046
79.000000,10,0.714564688286
80.000000,2,0.0284333346766
80.000000,3,0.0130823026345
80.000000,4,0.00374428363737
80.000000,5,0.256728011006
80.000000,6,0.378597411535
80.000000,7,0.745063197182
80.000000,8,0.768540851919
80.000000,9,0.774629836914
80.000000,10,0.714506468857
81.000000,2,0.0284193573477
81.000000,3,0.013037300089
81.000000,4,0.00369170931646
81.000000,5,0.255999066146
81.000000,6,0.378344824868
81.000000,7,0.743723537957
81.000000,8,0.767594820565
81.000000,9,0.774236481929
81.000000,10,0.714321874656
82.000000,2,0.0284063024481
82.000000,3,0.0129931173389
82.000000,4,0.00364020720798
82.000000,5,0.255284963739
82.000000,6,0.378098013881
82.000000,7,0.742394946513
82.000000,8,0.766662384234
82.000000,9,0.773845889232
82.000000,10,0.714196698976
83.000000,2,0.0283941356252
83.000000,3,0.012949729739
83.000000,4,0.00358974429919
83.000000,5,0.254585231561
83.000000,6,0.377856783026
83.000000,7,0.741077283484
83.000000,8,0.765743296139
83.000000,9,0.773472791735
83.000000,10,0.714239805731
84.000000,2,0.0283828241079
84.000000,3,0.0129071136937
84.000000,4,0.00354028894231
84.000000,5,0.253899417253
84.000000,6,0.377620945608
84.000000,7,0.739770452099
84.000000,8,0.764837184274
84.000000,9,0.773104215189
84.000000,10,0.714218488057
85.000000,2,0.0283723366177
85.000000,3,0.0128652465997
85.000000,4,0.00349181078376
85.000000,5,0.253227087268
85.000000,6,0.377390323172
85.000000,7,0.738474305581
85.000000,8,0.763943705538
85.000000,9,0.772744327814
85.000000,10,0.714185104507
86.000000,2,0.028362643285
86.000000,3,0.012824106792
86.000000,4,0.00344428069708
86.000000,5,0.252567825925
86.000000,6,0.377164744879
86.000000,7,0.737188722786
86.000000,8,0.76306300879
86.000000,9,0.772390285938
86.000000,10,0.714229962221
87.000000,2,0.0283537155713
87.000000,3,0.0127836734938
87.000000,4,0.003397670721
87.000000,5,0.251921234484
87.000000,6,0.376944047497
87.000000,7,0.735913601487
87.000000,8,0.762194316369
87.000000,9,0.772046526582
87.000000,10,0.714234347363
88.000000,2,0.0283455261965
88.000000,3,0.0127439267695
88.000000,4,0.00335195400082
88.000000,5,0.251286930294
88.000000,6,0.376728074527
88.000000,7,0.734461054866
88.000000,8,0.761337578458
88.000000,9,0.771705538936
88.000000,10,0.714211275696
89.000000,2,0.0283380490706
89.000000,3,0.012704847481
89.000000,4,0.00330710473314
89.000000,5,0.250664545996
89.000000,6,0.376516676264
89.000000,7,0.732911249437
89.000000,8,0.76049275108
89.000000,9,0.771376279629
89.000000,10,0.714098933648
90.000000,2,0.0283312592307
90.000000,3,0.0126664172462
90.000000,4,0.00326309811419
90.000000,5,0.250053728755
90.000000,6,0.376309709207
90.000000,7,0.731373909138
90.000000,8,0.759659222041
90.000000,9,0.771053864034
90.000000,10,0.714130927942
91.000000,2,0.0283251327805
91.000000,3,0.0126286184007
91.000000,4,0.00321991029124
91.000000,5,0.249454139562
91.000000,6,0.376107035771
91.000000,7,0.729848897547
91.000000,8,0.758836988061
91.000000,9,0.770737490472
91.000000,10,0.714232931087
92.000000,2,0.028319646835
92.000000,3,0.0125914339615
92.000000,4,0.00317751831659
92.000000,5,0.248865452553
92.000000,6,0.375908524112
92.000000,7,0.728336086058
92.000000,8,0.75802594743
92.000000,9,0.770424816893
92.000000,10,0.714170085814
93.000000,2,0.028314779468
93.000000,3,0.0125548475931
93.000000,4,0.00313590010491
93.000000,5,0.24828735438
93.000000,6,0.37570116281
93.000000,7,0.726835324241
93.000000,8,0.757225632569
93.000000,9,0.770125687171
93.000000,10,0.714195212937
94.000000,2,0.0283105096625
94.000000,3,0.0125188435755
94.000000,4,0.00309503439179
94.000000,5,0.247719543622
94.000000,6,0.37548939499
94.000000,7,0.725346475391
94.000000,8,0.75643583856
94.000000,9,0.769828623911
94.000000,10,0.714190258091
95.000000,2,0.0283068172651
95.000000,3,0.0124834067744
95.000000,4,0.00305490069616
95.000000,5,0.247161730218
95.000000,6,0.375281231558
95.000000,7,0.723869414274
95.000000,8,0.755656234603
95.000000,9,0.769537122523
95.000000,10,0.714246485961
96.000000,2,0.0283036829423
96.000000,3,0.0124485226128
96.000000,4,0.00301547928364
96.000000,5,0.246613634934
96.000000,6,0.375076568721
96.000000,7,0.722404001832
96.000000,8,0.754887096416
96.000000,9,0.769250730459
96.000000,10,0.714162216538
97.000000,2,0.0283010881393
97.000000,3,0.0124141770445
97.000000,4,0.00297675113247
97.000000,5,0.246074988864
97.000000,6,0.374875306767
97.000000,7,0.720950109161
97.000000,8,0.754127986025
97.000000,9,0.768973925382
97.000000,10,0.714202920755
98.000000,2,0.0282990150425
98.000000,3,0.0123803565292
98.000000,4,0.00293869790101
98.000000,5,0.245545532965
98.000000,6,0.374677349878
98.000000,7,0.719507609369
98.000000,8,0.753378367516
98.000000,9,0.76869749964
98.000000,10,0.714289017459
99.000000,2,0.0282974465422
99.000000,3,0.0123470480087
99.000000,4,0.00290130189761
99.000000,5,0.245025017596
99.000000,6,0.374482605924
99.000000,7,0.718076371453
99.000000,8,0.75263871822
99.000000,9,0.768433150915
99.000000,10,0.714392147856
100.000000,2,0.0282963661997
100.000000,3,0.0123142388849
100.000000,4,0.00286454605128
100.000000,5,0.244513202104
100.000000,6,0.374290986116
100.000000,7,0.71665627053
100.000000,8,0.751908178434
100.000000,9,0.768173470219
100.000000,10,0.714527685944
