alpha,poly,rscore
0.000000,2,0.108546445576
0.000000,3,0.208606499959
0.000000,4,0.231049722265
0.000000,5,0.579777943841
0.000000,6,0.785267632921
0.000000,7,0.772760648493
0.000000,8,0.757150190618
0.000000,9,0.776960482256
0.000000,10,0.823275632994
1.000000,2,0.0783992575346
1.000000,3,0.0784188119329
1.000000,4,0.108139602625
1.000000,5,0.544273855584
1.000000,6,0.692562257958
1.000000,7,0.70219628749
1.000000,8,0.684112391872
1.000000,9,0.686995602758
1.000000,10,0.718527194426
2.000000,2,0.0779963622512
2.000000,3,0.0776497429623
2.000000,4,0.107954990561
2.000000,5,0.424340456453
2.000000,6,0.646453490725
2.000000,7,0.669918130198
2.000000,8,0.644676598074
2.000000,9,0.637645074096
2.000000,10,0.670844220951
3.000000,2,0.0775744770966
3.000000,3,0.0765212057514
3.000000,4,0.100447747486
3.000000,5,0.268796572724
3.000000,6,0.577754800614
3.000000,7,0.637782993127
3.000000,8,0.596148808421
3.000000,9,0.577888532609
3.000000,10,0.61540900576
4.000000,2,0.0771336020707
4.000000,3,0.0750632268444
4.000000,4,0.08560148638
4.000000,5,0.0807086055465
4.000000,6,0.513649259647
4.000000,7,0.58937600592
4.000000,8,0.593638185872
4.000000,9,0.572629443867
4.000000,10,0.592534108584
5.000000,2,0.0766737371737
5.000000,3,0.0732751503352
5.000000,4,0.0745830576678
5.000000,5,0.075512717186
5.000000,6,0.447949303933
5.000000,7,0.603141966599
5.000000,8,0.594943654778
5.000000,9,0.572210854192
5.000000,10,0.592998941512
6.000000,2,0.0761948824054
6.000000,3,0.0721318497181
6.000000,4,0.0722706272781
6.000000,5,0.0697906892993
6.000000,6,0.38515402105
6.000000,7,0.609262609137
6.000000,8,0.594413863392
6.000000,9,0.570887102115
6.000000,10,0.59147368699
7.000000,2,0.0756970377659
7.000000,3,0.0721207303676
7.000000,4,0.0722416540513
7.000000,5,0.0704738564086
7.000000,6,0.385903001089
7.000000,7,0.609864840319
7.000000,8,0.593305077789
7.000000,9,0.569172335043
7.000000,10,0.589274518261
8.000000,2,0.0751802032553
8.000000,3,0.0721095977956
8.000000,4,0.0722119760543
8.000000,5,0.0711405571851
8.000000,6,0.382628421376
8.000000,7,0.608561673735
8.000000,8,0.591899420908
8.000000,9,0.567225224953
8.000000,10,0.586744850645
9.000000,2,0.0746443788734
9.000000,3,0.0720984520021
9.000000,4,0.0721815849833
9.000000,5,0.0717907951466
9.000000,6,0.379307418429
9.000000,7,0.606704402663
9.000000,8,0.590397255229
9.000000,9,0.565130388659
9.000000,10,0.584017262323
10.000000,2,0.0740895646203
10.000000,3,0.0720872929871
10.000000,4,0.0721505129883
10.000000,5,0.0721850712488
10.000000,6,0.375968004726
10.000000,7,0.604466934576
10.000000,8,0.588991684553
10.000000,9,0.563008765594
10.000000,10,0.581179545002
11.000000,2,0.0735157604959
11.000000,3,0.0720761207506
11.000000,4,0.0721187100595
11.000000,5,0.0721846167508
11.000000,6,0.372610536384
11.000000,7,0.602187504275
11.000000,8,0.587559383317
11.000000,9,0.561006364856
11.000000,10,0.578340373283
12.000000,2,0.0729229665004
12.000000,3,0.0720649352926
12.000000,4,0.0720862137598
12.000000,5,0.0727304013624
12.000000,6,0.369235375573
12.000000,7,0.599866250371
12.000000,8,0.58609610126
12.000000,9,0.559030060189
12.000000,10,0.57559401558
13.000000,2,0.0723111826337
13.000000,3,0.072053736613
13.000000,4,0.0720529567705
13.000000,5,0.07326352113
13.000000,6,0.365842905079
13.000000,7,0.597503482589
13.000000,8,0.584603270955
13.000000,9,0.557032281626
13.000000,10,0.572861343239
14.000000,2,0.0716804088958
14.000000,3,0.072042524712
14.000000,4,0.0720354209014
14.000000,5,0.0737839722475
14.000000,6,0.362433564217
14.000000,7,0.595099483776
14.000000,8,0.583080745354
14.000000,9,0.555014633047
14.000000,10,0.57010998368
15.000000,2,0.0710306452866
15.000000,3,0.0720312995894
15.000000,4,0.0720024044123
15.000000,5,0.0742917574638
15.000000,6,0.359007658986
15.000000,7,0.592654424334
15.000000,8,0.581528748736
15.000000,9,0.552977265124
15.000000,10,0.567339753356
16.000000,2,0.0703618918062
16.000000,3,0.0720200612453
16.000000,4,0.0719688638548
16.000000,5,0.0744245431403
16.000000,6,0.355565687894
16.000000,7,0.59016837364
16.000000,8,0.579947039113
16.000000,9,0.550920235375
16.000000,10,0.564551070842
17.000000,2,0.0696741484547
17.000000,3,0.0720088096797
17.000000,4,0.0719346198844
17.000000,5,0.0744221809268
17.000000,6,0.352107962759
17.000000,7,0.587641483136
17.000000,8,0.578335806333
17.000000,9,0.548843626545
17.000000,10,0.561743433117
18.000000,2,0.0689674152319
18.000000,3,0.0719975448926
18.000000,4,0.0718996558062
18.000000,5,0.0744198144099
18.000000,6,-0.116257934275
18.000000,7,-0.116257934275
18.000000,8,-0.116257934275
18.000000,9,-0.116257934275
18.000000,10,-0.116257934275
19.000000,2,-0.116257934275
19.000000,3,-0.116257934275
19.000000,4,-0.116257934275
19.000000,5,-0.116257934275
19.000000,6,-0.116257934275
19.000000,7,-0.116257934275
19.000000,8,-0.116257934275
19.000000,9,-0.116257934275
19.000000,10,-0.116257934275
20.000000,2,-0.116257934275
20.000000,3,-0.116257934275
20.000000,4,-0.116257934275
20.000000,5,-0.116257934275
20.000000,6,-0.116257934275
20.000000,7,-0.116257934275
20.000000,8,-0.116257934275
20.000000,9,-0.116257934275
20.000000,10,-0.116257934275
21.000000,2,-0.116257934275
21.000000,3,-0.116257934275
21.000000,4,-0.116257934275
21.000000,5,-0.116257934275
21.000000,6,-0.116257934275
21.000000,7,-0.116257934275
21.000000,8,-0.116257934275
21.000000,9,-0.116257934275
21.000000,10,-0.116257934275
22.000000,2,-0.116257934275
22.000000,3,-0.116257934275
22.000000,4,-0.116257934275
22.000000,5,-0.116257934275
22.000000,6,-0.116257934275
22.000000,7,-0.116257934275
22.000000,8,-0.116257934275
22.000000,9,-0.116257934275
22.000000,10,-0.116257934275
23.000000,2,-0.116257934275
23.000000,3,-0.116257934275
23.000000,4,-0.116257934275
23.000000,5,0.0744079662026
23.000000,6,0.33106326788
23.000000,7,0.571621544707
23.000000,8,0.568048289595
23.000000,9,0.535971387976
23.000000,10,0.544504027008
24.000000,2,0.0643282285998
24.000000,3,0.0719296785183
24.000000,4,0.0717068049006
24.000000,5,0.0744055921096
24.000000,6,0.327512001562
24.000000,7,0.568808690758
24.000000,8,0.566230656931
24.000000,9,0.533757215798
24.000000,10,0.541565580317
25.000000,2,0.0634885662786
25.000000,3,0.0719183211806
25.000000,4,0.0716682551817
25.000000,5,0.0744032200502
25.000000,6,0.323949298188
25.000000,7,0.565955067567
25.000000,8,0.564383802905
25.000000,9,0.531523385753
25.000000,10,0.538608564688
26.000000,2,0.0626299140861
26.000000,3,0.0719069506214
26.000000,4,0.0716293433225
26.000000,5,0.0744008499623
26.000000,6,0.32037553226
26.000000,7,0.563060696171
26.000000,8,0.562507501512
26.000000,9,0.529269953769
26.000000,10,0.535632620642
27.000000,2,0.0617522720224
27.000000,3,0.0718955668407
27.000000,4,0.0715896979315
27.000000,5,0.0743984686557
27.000000,6,0.31679086773
27.000000,7,0.560125630943
27.000000,8,0.560602019541
27.000000,9,0.526997188623
27.000000,10,0.532637887955
28.000000,2,0.0608556400876
28.000000,3,0.0718841698385
28.000000,4,0.0715493042271
28.000000,5,0.0743960943204
28.000000,6,0.313195710261
28.000000,7,0.557149869211
28.000000,8,0.558667216349
28.000000,9,0.524704885468
28.000000,10,0.52962448038
29.000000,2,0.0599400182815
29.000000,3,0.0718727596148
29.000000,4,0.0715083558212
29.000000,5,0.0743937171845
29.000000,6,0.309590237254
29.000000,7,0.554133475855
29.000000,8,0.556703051115
29.000000,9,0.522392833046
29.000000,10,0.526592396706
30.000000,2,0.0590054066042
30.000000,3,0.0718613361696
30.000000,4,0.0714668950295
30.000000,5,0.0743913394285
30.000000,6,0.305974880623
30.000000,7,0.551076410547
30.000000,8,0.55470968062
30.000000,9,0.520061256122
30.000000,10,0.523541650244
31.000000,2,0.0580518050557
31.000000,3,0.0718498995028
31.000000,4,0.0714246830774
31.000000,5,0.0743889579742
31.000000,6,0.302349845595
31.000000,7,0.547978770283
31.000000,8,0.552686983118
31.000000,9,0.517710126807
31.000000,10,0.520472241611
32.000000,2,0.057079213636
32.000000,3,0.0718384496146
32.000000,4,0.0713817416241
32.000000,5,0.0743865763613
32.000000,6,0.298715597117
32.000000,7,0.544840590921
32.000000,8,0.550635039913
32.000000,9,0.515339842955
32.000000,10,0.517384532412
33.000000,2,0.056087632345
33.000000,3,0.0718269865048
33.000000,4,0.0713383525525
33.000000,5,0.0743841955264
33.000000,6,0.295072368913
33.000000,7,0.541661870135
33.000000,8,0.548553858454
33.000000,9,0.512950109201
33.000000,10,0.514278193851
34.000000,2,0.0550770611829
34.000000,3,0.0718155101735
34.000000,4,0.071294214478
34.000000,5,0.0743818138694
34.000000,6,0.291420665304
34.000000,7,0.53844264154
34.000000,8,0.546443314989
34.000000,9,0.510540905516
34.000000,10,0.51115315105
35.000000,2,0.0540475001496
35.000000,3,0.0718040206208
35.000000,4,0.0712496516867
35.000000,5,0.074379427737
35.000000,6,0.287760749658
35.000000,7,0.535182938628
35.000000,8,0.544303596426
35.000000,9,0.508112142144
35.000000,10,0.508009217875
36.000000,2,0.052998949245
36.000000,3,0.0717925178465
36.000000,4,0.0712041502907
36.000000,5,0.0743770439188
36.000000,6,0.28409316481
36.000000,7,0.531882836273
36.000000,8,0.542134626248
36.000000,9,0.505664091618
36.000000,10,0.504846679588
37.000000,2,0.0519314084692
37.000000,3,0.0717810018507
37.000000,4,0.0711582429479
37.000000,5,0.0743746559372
37.000000,6,0.280418218217
37.000000,7,0.52854233394
37.000000,8,0.539936309478
37.000000,9,0.50319692093
37.000000,10,0.501665659467
38.000000,2,0.0508448778223
38.000000,3,0.0717694726333
38.000000,4,0.0711116721638
38.000000,5,0.0743722688479
38.000000,6,0.276736500481
38.000000,7,0.525161506139
38.000000,8,0.537708863913
38.000000,9,0.500707378323
38.000000,10,0.49846596896
39.000000,2,0.0497393573041
39.000000,3,0.0717579301945
39.000000,4,0.0710644427867
39.000000,5,0.0743698736858
39.000000,6,0.273048367866
39.000000,7,0.521740323233
39.000000,8,0.535452115263
39.000000,9,0.498195591994
39.000000,10,0.495235842851
40.000000,2,0.0486148469147
40.000000,3,0.0717463745342
40.000000,4,0.0710168170592
40.000000,5,0.0743674879246
40.000000,6,0.269354433614
40.000000,7,0.518278895554
40.000000,8,0.533166147903
40.000000,9,0.495673387493
40.000000,10,0.492009013809
41.000000,2,0.0474713466541
41.000000,3,0.0717348056523
41.000000,4,0.0709682806483
41.000000,5,0.0743650871391
41.000000,6,0.265655211194
41.000000,7,0.514777268589
41.000000,8,0.53085097709
41.000000,9,0.493134778166
41.000000,10,0.488764701618
42.000000,2,0.0463088565223
42.000000,3,0.071723223549
42.000000,4,0.0709190976415
42.000000,5,0.0743627027981
42.000000,6,0.261951249191
42.000000,7,0.511235445449
42.000000,8,0.528506509093
42.000000,9,0.490577874473
42.000000,10,0.485500230473
43.000000,2,0.0451273765192
43.000000,3,0.0717116282241
43.000000,4,0.0708695233304
43.000000,5,0.0743603087972
43.000000,6,0.258243263284
43.000000,7,0.507653470472
43.000000,8,0.526132876567
43.000000,9,0.488001742688
43.000000,10,0.482215430337
44.000000,2,0.043926906645
44.000000,3,0.0717000196777
44.000000,4,0.0708192871245
44.000000,5,0.07435790694
44.000000,6,0.254531786716
44.000000,7,0.504031389639
44.000000,8,0.523730025558
44.000000,9,0.485406072354
44.000000,10,0.478910896484
45.000000,2,0.0427074468996
45.000000,3,0.0716883979098
45.000000,4,0.0707681532904
45.000000,5,0.0743555146848
45.000000,6,0.250817651864
45.000000,7,0.500369294004
45.000000,8,0.521297959511
45.000000,9,0.48279060381
45.000000,10,0.475587176638
46.000000,2,0.0414689972829
46.000000,3,0.0716767629204
46.000000,4,0.0707166325998
46.000000,5,0.0743531185567
46.000000,6,0.247101489658
46.000000,7,0.496667188799
46.000000,8,0.518836684836
46.000000,9,0.480155453269
46.000000,10,0.472244248098
47.000000,2,0.0402115577951
47.000000,3,0.0716651147095
47.000000,4,0.0706644753022
47.000000,5,0.0743507200938
47.000000,6,0.243384223128
47.000000,7,0.492925129761
47.000000,8,0.516342957183
47.000000,9,0.477500827503
47.000000,10,0.468882519277
48.000000,2,0.038935128436
48.000000,3,0.0716534532771
48.000000,4,0.0706116829103
48.000000,5,0.0743483207468
48.000000,6,0.239666665019
48.000000,7,0.489143192405
48.000000,8,0.513817835163
48.000000,9,0.474826695343
48.000000,10,0.465502146553
49.000000,2,0.0376397092057
49.000000,3,0.0716417786231
49.000000,4,0.0705582568609
49.000000,5,0.0743459220546
49.000000,6,0.235949781312
49.000000,7,0.485321406378
49.000000,8,0.511265624696
49.000000,9,0.472133003277
49.000000,10,0.462103060573
50.000000,2,0.0363253001042
50.000000,3,0.0716300907477
50.000000,4,0.0705041985165
50.000000,5,0.0743435253586
50.000000,6,0.232234671593
50.000000,7,0.481459843145
50.000000,8,0.508685711456
50.000000,9,0.469419844014
50.000000,10,0.458685436371
51.000000,2,0.0349919011315
51.000000,3,0.0716183896507
51.000000,4,0.0704495091686
51.000000,5,0.0743411141357
51.000000,6,0.22852236583
51.000000,7,0.477558534466
51.000000,8,0.506077655722
51.000000,9,0.466686915222
51.000000,10,0.455249052605
52.000000,2,0.0336395122876
52.000000,3,0.0716066753323
52.000000,4,0.0703941900392
52.000000,5,0.0743387068779
52.000000,6,0.22481421663
52.000000,7,0.47361756331
52.000000,8,0.503441341491
52.000000,9,0.463934561892
52.000000,10,0.451794001159
53.000000,2,0.0322681335725
53.000000,3,0.0715949477923
53.000000,4,0.0703382422838
53.000000,5,0.0743363049951
53.000000,6,0.221111480207
53.000000,7,0.469636967756
53.000000,8,0.500776496284
53.000000,9,0.461163016273
53.000000,10,0.44832019807
54.000000,2,0.0308777649862
54.000000,3,0.0715832070308
54.000000,4,0.0702816669937
54.000000,5,0.0743339096901
54.000000,6,0.217415753708
54.000000,7,0.465616852669
54.000000,8,0.498082974796
54.000000,9,0.458371925449
54.000000,10,0.444828015624
55.000000,2,0.0294684065286
55.000000,3,0.0715714530478
55.000000,4,0.0702244651983
55.000000,5,0.0743315029396
55.000000,6,0.213728710625
55.000000,7,0.461557198311
55.000000,8,0.495360724262
55.000000,9,0.455561410453
55.000000,10,0.441317329172
56.000000,2,0.0280400581999
56.000000,3,0.0715596858433
56.000000,4,0.0701666378676
56.000000,5,0.0743290848204
56.000000,6,0.21005221481
56.000000,7,0.45745815883
56.000000,8,0.492609567899
56.000000,9,0.452731541478
56.000000,10,0.437788181628
57.000000,2,0.0265927199999
57.000000,3,0.0715479054173
57.000000,4,0.0701081859145
57.000000,5,0.0743266757009
57.000000,6,0.206388489642
57.000000,7,0.45331979055
57.000000,8,0.489829470585
57.000000,9,0.44988205064
57.000000,10,0.434240823529
58.000000,2,0.0251263919288
58.000000,3,0.0715361117697
58.000000,4,0.0700491101969
58.000000,5,0.0743242766984
58.000000,6,0.202739890645
58.000000,7,0.449142094267
58.000000,8,0.487020404929
58.000000,9,0.447013427431
58.000000,10,0.430674843692
59.000000,2,0.0236410739864
59.000000,3,0.0715243049007
59.000000,4,0.0699894115204
59.000000,5,0.0743218682755
59.000000,6,0.199109315746
59.000000,7,0.444925222762
59.000000,8,0.484182377815
59.000000,9,0.44412538276
59.000000,10,0.427090567027
60.000000,2,0.0221367661728
60.000000,3,0.0715124848101
60.000000,4,0.0699290906404
60.000000,5,0.0743194504967
60.000000,6,0.195500022152
60.000000,7,0.440669212293
60.000000,8,0.48131529871
60.000000,9,0.441218096224
60.000000,10,0.42348768518
61.000000,2,0.020613468488
61.000000,3,0.0715006514981
61.000000,4,0.0698681482638
61.000000,5,0.0743170235406
61.000000,6,0.191915897619
61.000000,7,0.436374141466
61.000000,8,0.478419122562
61.000000,9,0.438291342087
61.000000,10,0.419866373315
62.000000,2,0.019071180932
62.000000,3,0.0714888049645
62.000000,4,0.069806585052
62.000000,5,0.0743146093681
62.000000,6,0.188361669583
62.000000,7,0.432040133298
62.000000,8,0.475493916445
62.000000,9,0.435345326975
62.000000,10,0.416226544519
63.000000,2,0.0175099035048
63.000000,3,0.0714769452094
63.000000,4,0.0697444016222
63.000000,5,0.0743122091747
63.000000,6,0.184842999421
63.000000,7,0.427667234498
63.000000,8,0.47253961608
63.000000,9,0.432379860795
63.000000,10,0.412568303541
64.000000,2,0.0159296362063
64.000000,3,0.0714650722328
64.000000,4,0.0696815961708
64.000000,5,0.0743097788886
64.000000,6,0.181367135823
64.000000,7,0.423255534216
64.000000,8,0.46955621027
64.000000,9,0.429395234066
64.000000,10,0.408891655603
65.000000,2,0.0143303790367
65.000000,3,0.0714531860347
65.000000,4,0.0696181672924
65.000000,5,0.0743073634482
65.000000,6,0.177943360854
65.000000,7,0.418805128089
65.000000,8,0.466543695032
65.000000,9,0.426391183468
65.000000,10,0.405196666045
66.000000,2,0.0127121319959
66.000000,3,0.0714412866151
66.000000,4,0.0695541203674
66.000000,5,0.0743049406174
66.000000,6,0.174584223666
66.000000,7,0.414316112982
66.000000,8,0.463502059964
66.000000,9,0.42336795024
66.000000,10,0.401483482319
67.000000,2,0.0110748950838
67.000000,3,0.071429373974
67.000000,4,0.0694894558237
67.000000,5,0.0743025342775
67.000000,6,0.171307602467
67.000000,7,0.409788627285
67.000000,8,0.460431305571
67.000000,9,0.420325418226
67.000000,10,0.40045491426
68.000000,2,0.00941866830055
68.000000,3,0.0714174481113
68.000000,4,0.0694241740568
68.000000,5,0.0743000973378
68.000000,6,0.16814098987
68.000000,7,0.405222738089
68.000000,8,0.457331424371
68.000000,9,0.417263592531
68.000000,10,0.399312806406
69.000000,2,0.00774345164607
69.000000,3,0.0714055090272
69.000000,4,0.0693581069164
69.000000,5,0.0742976777115
69.000000,6,0.16513267991
69.000000,7,0.400618561156
69.000000,8,0.454202417795
69.000000,9,0.414182332783
69.000000,10,0.397607218298
70.000000,2,0.00604924512039
70.000000,3,0.0713935567215
70.000000,4,0.0692915958152
70.000000,5,0.0742952516566
70.000000,6,0.162391696579
70.000000,7,0.395976222936
70.000000,8,0.451044352517
70.000000,9,0.411248574266
70.000000,10,0.395591319547
71.000000,2,0.0043360487235
71.000000,3,0.0713815911943
71.000000,4,0.0692244684691
71.000000,5,0.074292844459
71.000000,6,0.160713031821
71.000000,7,0.39129583324
71.000000,8,0.447857088509
71.000000,9,0.41068541497
71.000000,10,0.393381290932
72.000000,2,0.00260386245539
72.000000,3,0.0713696124456
72.000000,4,0.0691565713962
72.000000,5,0.0742904061574
72.000000,6,0.160676799623
72.000000,7,0.386583765363
72.000000,8,0.444640771272
72.000000,9,0.409656500982
72.000000,10,0.391036047619
73.000000,2,0.000852686316079
73.000000,3,0.0713576204755
73.000000,4,0.0690882162446
73.000000,5,0.0742879875121
73.000000,6,0.160640539193
73.000000,7,0.381839842183
73.000000,8,0.441395255359
73.000000,9,0.408297757062
73.000000,10,0.388587784792
74.000000,2,-0.000917479694443
74.000000,3,0.0713456152837
74.000000,4,0.0690191020481
74.000000,5,0.0742855633438
74.000000,6,0.160604250604
74.000000,7,0.377058054738
74.000000,8,0.438120688583
74.000000,9,0.406697457872
74.000000,10,0.386055922595
75.000000,2,-0.00270663557617
75.000000,3,0.0713335968705
75.000000,4,0.0689493823989
75.000000,5,0.0742831337698
75.000000,6,0.160567933824
75.000000,7,0.372238588234
75.000000,8,0.434817001552
75.000000,9,0.404915691631
75.000000,10,0.383453042248
76.000000,2,-0.00451478132912
76.000000,3,0.0713215652358
76.000000,4,0.0688790571074
76.000000,5,0.0742806986786
76.000000,6,0.160531588836
76.000000,7,0.367381576334
76.000000,8,0.431484135643
76.000000,9,0.402994135559
76.000000,10,0.380787806696
77.000000,2,-0.00634191695327
77.000000,3,0.0713095203796
77.000000,4,0.0688081259642
77.000000,5,0.0742782582569
77.000000,6,0.160495215714
77.000000,7,0.362487157558
77.000000,8,0.428122206388
77.000000,9,0.400961770412
77.000000,10,0.378066964597
78.000000,2,-0.00818804244863
78.000000,3,0.0712974623018
78.000000,4,0.0687365887421
78.000000,5,0.0742758402402
78.000000,6,0.160458814353
78.000000,7,0.357555492813
78.000000,8,0.424731181101
78.000000,9,0.398840163248
78.000000,10,0.375295355567
79.000000,2,-0.0100531578152
79.000000,3,0.0712853910026
79.000000,4,0.0686643322826
79.000000,5,0.0742733894618
79.000000,6,0.160422384831
79.000000,7,0.352586783865
79.000000,8,0.421311054523
79.000000,9,0.396644728157
79.000000,10,0.37247738049
80.000000,2,-0.011937263053
80.000000,3,0.0712733064818
80.000000,4,0.0685915871867
80.000000,5,0.0742709619185
80.000000,6,0.160385927129
80.000000,7,0.347581234849
80.000000,8,0.417861904279
80.000000,9,0.394387123537
80.000000,10,0.369616319515
81.000000,2,-0.013840358162
81.000000,3,0.0712612087395
81.000000,4,0.0685181337785
81.000000,5,0.0742685297927
81.000000,6,0.16034944121
81.000000,7,0.342539061652
81.000000,8,0.414383604568
81.000000,9,0.392075949357
81.000000,10,0.366714979852
82.000000,2,-0.0157624431422
82.000000,3,0.0712490977757
82.000000,4,0.0684440838742
82.000000,5,0.074266093169
82.000000,6,0.160312927154
82.000000,7,0.337460494726
82.000000,8,0.410876215787
82.000000,9,0.389718171085
82.000000,10,0.363776042566
83.000000,2,-0.0177035179936
83.000000,3,0.0712369735904
83.000000,4,0.0683693487858
83.000000,5,0.0742636520187
83.000000,6,0.160276384871
83.000000,7,0.332345828417
83.000000,8,0.407339757338
83.000000,9,0.387318768056
83.000000,10,0.36080180375
84.000000,2,-0.0196635827162
84.000000,3,0.0712248361836
84.000000,4,0.068294027423
84.000000,5,0.0742612063617
84.000000,6,0.160239814414
84.000000,7,0.327195365427
84.000000,8,0.405537897358
84.000000,9,0.384882178018
84.000000,10,0.357794107693
85.000000,2,-0.02164263731
85.000000,3,0.0712126855553
85.000000,4,0.0682181175611
85.000000,5,0.0742587865965
85.000000,6,0.160203215789
85.000000,7,0.322009439245
85.000000,8,0.404981027144
85.000000,9,0.3824116092
85.000000,10,0.354754665437
86.000000,2,-0.0236406817751
86.000000,3,0.0712005217054
86.000000,4,0.068141549759
86.000000,5,0.074256332346
86.000000,6,0.16016658894
86.000000,7,0.316788427599
86.000000,8,0.404119394981
86.000000,9,0.379909664001
86.000000,10,0.351684920489
87.000000,2,-0.0256577161113
87.000000,3,0.0711883446341
87.000000,4,0.0680644011548
87.000000,5,0.0742539047602
87.000000,6,0.160129933949
87.000000,7,0.311532762635
87.000000,8,0.402998737313
87.000000,9,0.377378582426
87.000000,10,0.348586339376
88.000000,2,-0.0276937403188
88.000000,3,0.0711761543412
88.000000,4,0.0679865609828
88.000000,5,0.0742514421178
88.000000,6,0.160093250743
88.000000,7,0.30624293495
88.000000,8,0.401656001157
88.000000,9,0.374820224459
88.000000,10,0.345459904739
89.000000,2,-0.0297487543974
89.000000,3,0.0711639508269
89.000000,4,0.0679081118054
89.000000,5,0.0742490068663
89.000000,6,0.160056539351
89.000000,7,0.30091950699
89.000000,8,0.400121379235
89.000000,9,0.372235949933
89.000000,10,0.342307034591
90.000000,2,-0.0318227583473
90.000000,3,0.071151734091
90.000000,4,0.0678290663566
90.000000,5,0.0742465679656
90.000000,6,0.160019799804
90.000000,7,0.295563118172
90.000000,8,0.398419483379
90.000000,9,0.369627191645
90.000000,10,0.339662747638
91.000000,2,-0.0339157521684
91.000000,3,0.0711395041336
91.000000,4,0.0677493721891
91.000000,5,0.074244125401
91.000000,6,0.159983032024
91.000000,7,0.290174527469
91.000000,8,0.396571020374
91.000000,9,0.366994922821
91.000000,10,0.339642185228
92.000000,2,-0.0360277358607
92.000000,3,0.0711272609547
92.000000,4,0.0676690528402
92.000000,5,0.0742416792516
92.000000,6,0.159946236098
92.000000,7,0.284754625547
92.000000,8,0.394593062336
92.000000,9,0.364340170439
92.000000,10,0.339628360077
93.000000,2,-0.0381587094242
93.000000,3,0.0711150045543
93.000000,4,0.0675881950296
93.000000,5,0.0742392295139
93.000000,6,0.159909411969
93.000000,7,0.282711446434
93.000000,8,0.39249983201
93.000000,9,0.361663682884
93.000000,10,0.339597783939
94.000000,2,-0.0403086728589
94.000000,3,0.0711027349324
94.000000,4,0.0675071046554
94.000000,5,0.0742367761814
94.000000,6,0.159872559641
94.000000,7,0.282485185916
94.000000,8,0.390303541443
94.000000,9,0.358966112851
94.000000,10,0.339556229249
95.000000,2,-0.0424776261649
95.000000,3,0.0710904520889
95.000000,4,0.0674317199704
95.000000,5,0.0742343192529
95.000000,6,0.159835679171
95.000000,7,0.282148250498
95.000000,8,0.388014347833
95.000000,9,0.356248149255
95.000000,10,0.33950752667
96.000000,2,-0.044665569342
96.000000,3,0.071078156024
96.000000,4,0.067431380434
96.000000,5,0.0742318587384
96.000000,6,0.15979877046
96.000000,7,0.281715551335
96.000000,8,0.385640923014
96.000000,9,0.353510242612
96.000000,10,0.339454376136
97.000000,2,-0.0468725023903
97.000000,3,0.0710658467375
97.000000,4,0.0674310408888
97.000000,5,0.0742294293166
97.000000,6,0.159761833598
97.000000,7,0.281201580131
97.000000,8,0.383190611699
97.000000,9,0.352512993353
97.000000,10,0.339398462483
98.000000,2,-0.0490984253099
98.000000,3,0.0710535242296
98.000000,4,0.067430701335
98.000000,5,0.0742269620955
98.000000,6,0.159724868547
98.000000,7,0.280620204018
98.000000,8,0.380669693255
98.000000,9,0.352793554254
98.000000,10,0.339340907466
99.000000,2,-0.0513433381007
99.000000,3,0.0710411885001
99.000000,4,0.0674303617724
99.000000,5,0.0742244912965
99.000000,6,0.159687875298
99.000000,7,0.280028416056
99.000000,8,0.378083573348
99.000000,9,0.353066967477
99.000000,10,0.339282653203
100.000000,2,-0.0536072407626
100.000000,3,0.0710288395491
100.000000,4,0.0674300222012
100.000000,5,0.0742220529262
100.000000,6,0.159650853924
100.000000,7,0.279652402902
100.000000,8,0.375436641393
100.000000,9,0.353310788597
100.000000,10,0.339224178547
